[17340.292433] [Project1] 28957 1588076915.313405975 1588076916.884637769
[17342.602913] [Project1] 28960 1588076917.652082910 1588076919.195122328
[17344.926539] [Project1] 28963 1588076919.973198255 1588076921.518750899
[17347.257720] [Project1] 28966 1588076922.304028406 1588076923.849929183
[17349.575160] [Project1] 28971 1588076924.617270411 1588076926.167369669
[17351.893072] [Project1] 28974 1588076926.942532126 1588076928.485280975
[17354.216656] [Project1] 28977 1588076929.262283093 1588076930.808866683
[17356.537761] [Project1] 28980 1588076931.580648033 1588076933.129971558
[17358.851367] [Project1] 28983 1588076933.903424269 1588076935.443577974
[17361.161658] [Project1] 28986 1588076936.214354483 1588076937.753870524
